# Causes error if packets are not cloned
0 0 1 1 0 0 0 1 0 1 1 0 1 0 0 1 1 0 1 1 0 1 0 1 1
0 0 1 1 1 0 0 1 0 1 1 0 0 0 0 1 1 1 1 1 1 1 0 1 0
1 1 0 1 1 0 1 1 0 1 1 1 0 1 1 1 1 1 1 1 1 1 1 0 1
1 1 1 0 1 0 1 1 0 1 1 1 0 1 1 1 1 1 1 1 1 1 1 1 1
0 1 1 1 0 0 0 1 0 1 1 1 0 1 1 1 1 0 1 1 0 1 1 1 1
0 0 0 0 0 0 0 0 0 0 0 0 1 0 0 0 0 0 0 0 1 0 0 0 0
0 0 1 1 0 0 0 1 0 1 1 0 0 0 0 1 1 1 1 1 1 1 0 1 1
1 1 1 1 1 0 1 0 0 1 1 1 0 1 1 0 1 1 1 1 1 1 1 1 1
0 0 0 0 0 0 0 0 0 0 0 0 1 0 0 0 0 0 0 0 0 0 0 0 0
1 1 1 1 1 0 1 1 0 0 1 1 0 1 1 1 1 1 1 1 1 1 1 1 1
1 1 1 1 1 0 1 1 0 1 0 1 0 1 1 1 1 1 1 1 1 1 1 1 1
0 0 1 1 1 0 0 1 0 1 1 0 0 1 1 1 1 1 1 1 1 1 1 1 1
1 0 0 0 0 1 0 0 1 0 0 0 0 0 0 0 0 0 0 0 0 0 0 0 0
0 0 1 1 1 0 0 1 0 1 1 1 0 0 1 1 1 1 1 1 1 1 1 1 1
0 0 1 1 1 0 0 1 0 1 1 1 0 1 0 1 1 1 1 1 1 1 1 1 1
1 1 1 1 1 0 1 0 0 1 1 1 0 1 1 0 1 1 1 1 1 1 1 1 1
1 1 1 1 1 0 1 1 0 1 1 1 0 1 1 1 0 1 1 1 1 1 1 1 1
0 1 1 1 0 0 1 1 0 1 1 1 0 1 1 1 1 0 1 1 0 1 1 1 0
1 1 1 1 1 0 1 1 0 1 1 1 0 1 1 1 1 1 0 1 1 1 1 1 1
1 1 1 1 1 0 1 1 0 1 1 1 0 1 1 1 1 1 1 0 1 1 1 1 1
0 1 1 1 0 1 1 1 0 1 1 1 0 1 1 1 1 0 1 1 0 1 1 1 0
1 1 1 1 1 0 1 1 0 1 1 1 0 1 1 1 1 1 1 1 1 0 1 1 1
0 0 1 1 1 0 0 1 0 1 1 1 0 1 1 1 1 1 1 1 1 1 0 1 1
1 1 0 1 1 0 1 1 0 1 1 1 0 1 1 1 1 1 1 1 1 1 1 0 1
1 0 1 1 1 0 1 1 0 1 1 1 0 1 1 1 1 0 1 1 0 1 1 1 0


# Causes error bc directed
 0 37  0  0  0
37  0  0 14  0
 0  0  0  0  3
 0 32  0  0  5
 0  0  3 27  0

# Causes error if not catch for packets returning to center
0  0 14  4  0 13  0  0 22  0
 0  0  0  4  0  0  0  0  0  8
14  0  0  0 21 40  0 11  4  0
 4  4  0  0  0  0  0  0  0  0
 0  0 21  0  0  6  0 17  0  0
13  0 40  0  6  0  0  0  0  0
 0  0  0  0  0  0  0  0  0  2
 0  0 11  0 17  0  0  0  0  0
22  0  4  0  0  0  0  0  0  0
 0  8  0  0  0  0  2  0  0  0